1	1	北京	93.48	85.4	100	92.77	1	94.45	100	91.34	93.22	94.75	1	北京市	首都
2	2	上海	89.73	87.37	94.67	91.02	2	77.68	91.34	96.34	85.26	87.65	2	上海市	直辖市
3	3	广州	84.06	83.83	87.78	85.81	3	82.29	96.92	72.62	73.14	81.24	3	广东省	省会
4	4	深圳	77.43	85.44	82.78	84.11	4	87.49	43.8	84.11	51.1	66.62	20	广东省	计划单列
5	5	天津	74.57	78.86	68.57	73.71	6	85.14	85.81	66.22	66.67	75.96	7	天津市	直辖市
6	10	成都	71.95	60.8	73.64	67.22	8	74.24	90.38	71.15	82.6	79.59	5	四川省	省会
7	6	苏州	71.69	79.29	69.57	74.43	5	77.93	62.96	68.19	59.94	67.26	17	江苏省	地级市
8	9	杭州	71.37	65.55	72.6	69.08	7	82.35	80	74.66	63.29	75.07	8	浙江省	省会
9	8	重庆	70.25	62.66	66.21	64.43	13	82.07	89.89	53.97	92.75	79.67	4	重庆市	直辖市
10	7	武汉	69.27	66.73	62.14	64.43	12	80.76	96.94	64.63	66.05	77.1	6	湖北省	省会
11	12	沈阳	65.34	55.87	64.87	60.37	17	84	82.27	67.4	59.88	73.39	9	辽宁省	省会
12	13	大连	65.34	62.06	64.73	63.39	14	79.47	72.49	72.66	49.37	68.5	14	辽宁省	计划单列
13	11	南京	64.49	65.13	64.41	64.77	11	70.84	87.22	46.35	51.74	64.04	25	江苏省	省会
14	14	长沙	63.87	62.23	57.46	59.84	18	79.2	85.08	56.47	60.76	70.38	13	湖南省	省会
15	18	郑州	62.4	51.9	60.58	56.24	19	81.8	91.83	48.62	67.21	72.37	11	河南省	省会
16	21	青岛	62.27	62.78	58.16	60.52	16	87.94	68.57	48.11	55.85	65.12	22	山东省	计划单列
17	16	西安	61.92	44.41	67.55	55.98	20	82.41	91.24	54.52	57.45	71.53	12	陕西省	省会
18	15	无锡	60.95	66.19	63.56	64.88	10	81.8	49.27	45.32	41.98	54.59	35	江苏省	地级市
19	20	济南	60.47	50.03	55.05	52.54	26	82.24	89.1	65.68	56.2	73.3	10	山东省	省会
20	17	宁波	60.07	59.96	63.58	61.77	15	74.82	53.87	54.4	46.15	57.31	32	浙江省	计划单列
21	19	佛山	57.7	59.99	71.3	65.64	9	81.11	18.83	40.13	39.28	44.84	59	广东省	地级市
22	22	长春	55.86	45.59	52.15	48.87	29	78.89	78.74	58.73	52.32	67.17	18	吉林省	省会
23	29	福州	55.03	44.56	53.57	49.06	28	84.36	74.07	56.96	43.39	64.69	23	福建省	省会
24	24	烟台	54.92	51.77	53.77	52.77	25	52.57	50.76	53.24	47	58.39	28	山东省	地级市
25	28	南通	54.79	48.52	63.37	55.94	21	81.15	41.88	44	44.51	52.91	37	江苏省	地级市
26	25	石家庄	54.49	38.3	54.79	46.55	31	83.79	81.15	47	67.39	67.33	16	河北省	省会
27	23	哈尔滨	54.21	40.76	50.79	45.75	32	72.42	85.02	53.85	60.22	67.88	15	黑龙江省	省会
28	26	东莞	53.8	47.86	61.23	54.54	22	77.66	33.55	61.02	38.22	52.61	39	广东省	地级市
29	27	唐山	52.9	51.54	57.36	54.45	23	83.44	42.56	28.23	47.34	50.39	42	河北省	地级市
30	30	太原	52.19	24.14	62.18	43.16	41	82.95	79.44	57.2	47.62	66.8	19	山西省	省会
31	32	常州	51.63	50.28	56.17	53.22	24	82.69	44.06	39.42	30.06	49.06	45	江苏省	地级市
32	33	昆明	51.5	32.65	55.79	44.22	36	81.83	80.12	35.49	55.67	63.28	27	云南省	省会
33	31	合肥	51.29	44.02	42.02	43.02	42	83.96	82.18	44.05	48.5	64.67	24	安徽省	省会
34	36	泉州	49.25	46.64	43.89	45.27	33	80.9	55.55	46.99	39.36	55.7	33	福建省	地级市
35	35	温州	48.98	43.51	53.62	48.57	39	82.78	41.08	41.3	30.33	48.87	29	浙江省	地级市
36	37	南昌	48.92	36.28	43.5	39.89	50	82.71	86.02	50.12	35.27	63.53	26	江西省	省会
37	34	绍兴	48.69	43.51	53.63	48.57	30	82.78	41.08	41.3	30.33	48.87	46	浙江省	地级市
38	38	潍坊	47.81	37.41	46.04	41.73	46	82.23	54.39	37.09	56.91	57.66	30	山东省	地级市
39	40	嘉兴	46.53	34.84	53.86	44.36	35	83.89	33.02	58.05	25.29	50.06	43	浙江省	地级市
40	39	厦门	45.9	37.19	46.62	41.9	45	81.27	58.75	53.03	16.39	52.36	41	福建省	计划单列
41	41	大庆	45.77	51.72	36.11	43.92	37	84.36	37.36	40.45	32.96	48.78	47	黑龙江省	地级市
42	47	南宁	45.77	24.04	42.86	33.45	59	80.55	73.43	59.89	48.98	65.71	21	广西壮族自治区	省会
43	42	淄博	45.51	42.4	44.01	43.2	40	86.62	42.66	33.18	34.51	49.24	44	山东省	地级市
44	44	金华	44.96	29.94	56.55	43.24	38	76.57	43.37	46.35	34.65	47.73	50	浙江省	地级市
45	54	徐州	44.18	40.17	37.55	38.86	52	79.54	47.96	33.62	50.05	52.79	38	江苏省	地级市
46	43	鄂尔多斯	44.16	57.06	43.1	50.08	27	85.41	5.34	39.55	8.03	34.58	97	内蒙古自治区	地级市
47	48	扬州	43.63	39.3	45.85	42.57	43	82.02	37.98	39.16	23.19	45.34	57	江苏省	地级市
48	49	乌鲁木齐	43.43	26.56	48.09	37.32	55	73.91	64.52	38	36.84	53.32	36	新疆维吾尔自治区	首府
49	45	包头	42.61	46.92	35.75	41.34	47	80	34.79	44.41	19.54	44.68	61	内蒙古自治区	地级市
50	59	贵阳	42.52	22.58	43.8	33.19	61	82.96	71.07	40.77	35.61	57.6	31	贵州省	省会
51	50	东营	42.12	49.48	40.16	44.82	34	86.43	21.83	39.23	3.52	37.75	86	山东省	地级市
52	60	威海	42.09	35.66	41.98	38.82	53	90.3	38.15	44.64	16.46	47.39	52	山东省	地级市
53	55	台州	41.69	30.4	50.99	40.69	49	84.1	21.66	33.77	33.66	43.3	67	浙江省	地级市
54	53	镇江	41.56	39.97	42.03	41	48	78.31	36.45	41.58	13.5	42.46	70	江苏省	地级市
55	52	中山	40.04	33.95	50.94	42.44	44	83.78	21.65	27.66	11.47	36.14	88	广东省	地级市
56	46	呼和浩特	39.54	35.93	40.96	38.45	54	76.52	64.95	12.86	10.96	41.32	74	内蒙古自治区	首府
57	65	盐城	38.62	32.44	35.96	34.2	57	74.37	30.74	33.8	44.21	45.78	56	江苏省	地级市
58	58	泰州	38.52	34.79	42.96	38.87	51	68.32	23.24	34.61	25.62	37.95	83	江苏省	地级市
59	62	保定	38.29	14.54	44.38	29.46	72	77.47	59.42	22.94	50.46	52.57	40	河北省	地级市
60	67	济宁	38.12	29.77	34.77	32.27	64	77.75	40.71	21.82	50.04	47.58	51	山东省	地级市
61	70	临沂	37.16	23.39	37.24	30.32	68	82.85	25.03	36.26	49.84	48.24	48	山东省	地级市
62	66	洛阳	36.83	27.39	32.54	29.97	69	81.63	41.7	24.99	43.38	47.92	49	河南省	地级市
63	69	宜昌	36.74	33.86	31.31	32.58	63	80.41	32.56	32.1	28.79	43.46	65	湖北省	地级市
64	68	沧州	36.21	23.67	39.87	31.77	65	79.68	37	15.29	41.62	43.4	66	河北省	地级市
65	57	兰州	36.13	17.1	51.94	34.52	56	39.47	64.71	18.46	32.3	38.74	80	甘肃省	省会
66	63	鞍山	35.53	24.89	43.42	34.15	58	78.01	20.47	36.9	15.67	37.76	85	辽宁省	地级市
67	76	泰安	35.36	26.7	30.56	28.63	73	86.01	42.8	22.06	34.1	46.24	55	山东省	地级市
68	71	廊坊 	34.85	16.98	45.01	31	66	61.09	48.04	32.62	22.61	41.09	76	河北省	地级市
69	77	邯郸	34.28	18.71	34.13	26.42	75	89.09	32.16	19.43	47.27	46.99	53	河北省	地级市
70	72	榆林	33.92	34.33	32.55	33.44	60	66.42	5.99	22.25	44.16	34.71	96	陕西省	地级市
71	71	惠州	33.83	29.62	36.09	32.85	62	79.54	17.06	21.37	23.72	35.42	93	广东省	地级市
72	73	吉林	33.54	21.57	32.75	27.16	74	68.67	42.93	32.88	30.98	43.87	64	吉林省	地级市
73	75	江门 	33.46	15.11	46.63	30.87	67	83.42	18.56	29.5	19.07	37.64	87	广东省	地级市
74	78	襄阳	33.07	28.38	30.73	39.55	70	65.47	29.05	25.16	35.33	38.75	79	湖北省	地级市
75	80	湖州 	32.67	20.06	38.86	29.46	71	88.24	16.69	36.36	10.2	37.87	84	浙江省	地级市
76	79	芜湖 	32.29	23.34	28.04	25.69	76	78.86	44.87	29.96	18.23	42.98	69	安徽省	地级市
77	83	株洲 	31.94	18.97	29.35	24.16	78	83.7	46	23.62	24.78	44.53	63	湖南省	地级市
78	90	聊城	30.96	18.24	26.59	22.41	80	88.33	19.78	40.21	30.81	44.78	60	山东省	地级市
79	81	德州	30.65	20.25	29.15	24.7	77	85.01	27.02	20.53	28.58	40.28	78	山东省	地级市
80	84	衡阳	30.32	12.58	29.54	21.06	82	63.72	45.38	24.51	47.59	45.3	58	湖南省	地级市
81	92	漳州	30.22	21.23	19.39	20.31	85	80.3	37.4	47.83	19.49	46.26	54	福建省	地级市
82		遵义	29.97	5.23	23.32	14.27	97	64.75	33.08	86.94	36.71	55.37	34	贵州省	地级市
83	87	淮安	29.14	20.75	20.07	20.41	84	73.75	34.27	33.53	31.48	43.26	68	江苏省	地级市
84	85	滨州	29.11	21.72	21.87	21.8	81	97.39	23.19	20.96	22.29	40.96	77	山东省	地级市
85	88	常德	28.8	18.51	23.3	20.91	83	82.13	28.44	21.78	33.89	41.56	72	湖南省	地级市
86	82	咸阳 	28.32	13.35	26.8	20.07	86	68.62	49.57	17.8	30.7	41.67	71	陕西省	地级市
87	87	柳州	27.52	20.22	24.8	22.51	79	52.45	34.19	30.19	25.71	35.63	91	广西壮族自治区	地级市
88	91	湛江	26.75	10.32	25.42	17.87	90	84.09	26.83	20.45	33.17	41.13	75	广东省	地级市
89		新乡 	26.17	7.55	21.99	14.77	96	80.29	49.46	17.11	31.64	44.63	62	河南省	地级市
90	89	南阳	25.94	11.56	24.65	18.11	89	54.64	36.16	17.62	46.06	38.62	81	河南省	地级市
91	94	菏泽	25.9	6.89	25.71	16.3	94	82.31	23.22	14.51	45.68	41.43	73	山东省	地级市
92	93	岳阳	25.88	21.77	14.44	18.11	88	80.48	31.28	17.15	24.9	38.45	82	湖南省	地级市
93	96	茂名	25.05	15.04	22.69	18.87	87	76.22	10.59	23.12	30.25	35.05	95	广东省	地级市
94	95	许昌	24.43	15.99	19.35	17.67	91	80.7	24.11	14.69	21.93	35.36	94	河南省	地级市
95	97	枣庄	24.09	15.9	18.06	16.98	92	84.52	16.49	22.71	18.7	35.6	92	山东省	地级市
96	98	连云港	23.2	12.94	17.47	15.2	95	70.24	19.41	35.44	19.45	36.14	89	江苏省	地级市
97		郴州 	23.16	9.97	23.35	16.66	93	79.79	11	17.4	26.57	33.69	98	湖南省	地级市
98	99	周口	20.77	1.51	21.21	11.35	98	82.07	21.22	0	40.65	35.98	90	河南省	地级市
99		宿迁	18.97	10.7	11.49	11.1	99	74.61	12.22	16.78	23.28	31.72	99	江苏省	地级市
100	100	通辽	16.64	17.37	0	8.69	100	69.78	18.14	18.15	11.99	29.51	100	内蒙古自治区	地级市
